0 344 403 12 344 403 12 196 195 135
1 367 2 9 367 2 9 153 39 12
2 374 64 1 374 64 1 154 153 12
3 319 5 7 319 5 7 231 230 229
4 8 6 299 8 6 299 229 232 87
5 3 462 6 3 462 6 231 229 85
6 4 5 511 4 5 511 229 87 85
7 470 3 8 470 3 8 230 233 229
8 467 7 4 467 7 4 233 232 229
9 1 217 55 1 217 55 12 39 11
10 216 57 56 216 57 56 10 11 1
11 375 63 59 375 63 59 42 47 3
12 0 66 95 0 66 95 135 195 0
13 72 62 14 72 62 14 49 18 17
14 240 13 234 240 13 234 18 64 17
15 389 258 75 389 258 75 48 106 21
16 39 27 516 39 27 516 162 244 90
17 279 261 20 279 261 20 32 31 24
18 282 84 263 282 84 263 70 32 26
19 332 22 20 332 22 20 187 186 31
20 19 17 21 19 17 21 31 186 24
21 85 20 86 85 20 86 186 75 24
22 19 23 277 19 23 277 187 31 30
23 162 24 22 162 24 22 141 187 30
24 23 271 89 23 271 89 141 30 28
25 479 26 167 479 26 167 240 238 234
26 477 171 25 477 171 25 239 240 234
27 16 96 82 16 96 82 162 90 88
28 31 29 305 31 29 305 166 148 91
29 297 316 28 297 316 28 216 166 91
30 298 31 484 298 31 484 166 165 149
31 30 28 247 30 28 247 166 149 148
32 33 34 490 33 34 490 246 242 241
33 35 32 498 35 32 498 246 243 242
34 39 103 32 39 103 32 244 246 241
35 40 33 314 40 33 314 246 245 243
36 313 333 462 313 333 462 172 231 86
37 166 38 318 166 38 318 236 237 172
38 37 471 333 37 471 333 236 172 33
39 34 40 16 34 40 16 246 244 162
40 35 286 39 35 286 39 245 246 162
41 44 42 428 44 42 428 259 248 247
42 101 342 41 101 342 41 257 259 247
43 115 317 320 115 317 320 173 204 171
44 45 41 295 45 41 295 259 249 248
45 102 44 499 102 44 499 259 258 249
46 98 48 454 98 48 454 256 254 250
47 48 49 508 48 49 508 256 252 251
48 47 510 46 47 510 46 252 256 250
49 100 500 47 100 500 47 258 256 251
50 83 53 262 83 53 262 128 26 25
51 394 264 52 394 264 52 53 57 25
52 400 51 53 400 51 53 57 55 25
53 54 52 50 54 52 50 55 128 25
54 149 178 53 149 178 53 213 128 55
55 9 56 181 9 56 181 11 39 2
56 55 10 180 55 10 180 11 2 1
57 183 58 10 183 58 10 111 10 1
58 369 179 57 369 179 57 40 111 1
59 382 11 191 382 11 191 47 95 3
60 422 80 371 422 80 371 68 163 40
61 194 233 62 194 233 62 123 50 17
62 390 61 13 390 61 13 50 49 17
63 202 199 11 202 199 11 5 42 3
64 65 220 2 65 220 2 14 154 12
65 64 94 69 64 94 69 154 14 0
66 156 69 12 156 69 12 136 135 0
67 157 71 68 157 71 68 137 136 13
68 69 67 219 69 67 219 136 14 13
69 68 65 66 68 65 66 14 136 0
70 221 218 71 221 218 71 15 52 13
71 224 70 67 224 70 67 52 137 13
72 73 13 237 73 13 237 49 22 18
73 388 72 259 388 72 259 49 48 22
74 246 226 206 246 226 206 198 147 16
75 15 253 78 15 253 78 21 106 20
76 363 408 77 363 408 77 146 227 59
77 346 76 402 346 76 402 227 196 59
78 123 75 79 123 75 79 106 105 20
79 407 78 229 407 78 229 105 58 20
80 415 179 60 415 179 60 63 68 40
81 417 232 180 417 232 180 65 63 2
82 420 27 290 420 27 290 90 126 88
83 151 50 84 151 50 84 128 130 26
84 433 83 18 433 83 18 130 70 26
85 331 21 440 331 21 440 186 185 75
86 268 21 266 268 21 266 75 27 24
87 395 270 265 395 270 265 54 53 27
88 446 287 274 446 287 274 127 140 34
89 278 24 276 278 24 276 30 142 28
90 300 91 308 300 91 308 207 192 92
91 302 340 90 302 340 90 167 207 92
92 299 314 93 299 314 93 245 232 37
93 467 92 284 467 92 284 232 81 37
94 387 95 65 387 95 65 155 154 0
95 357 12 94 357 12 94 195 155 0
96 27 286 511 27 286 511 162 88 87
97 515 99 98 515 99 98 255 254 253
98 46 97 100 46 97 100 254 256 253
99 345 101 97 345 101 97 257 255 253
100 49 98 102 49 98 102 256 258 253
101 42 102 99 42 102 99 259 257 253
102 45 100 101 45 100 101 258 259 253
103 34 430 312 34 430 312 244 241 170
104 105 358 106 105 358 106 144 202 93
105 465 359 104 465 359 104 205 202 144
106 107 104 383 107 104 383 202 94 93
107 463 106 384 463 106 384 202 203 94
108 120 114 109 120 114 109 102 101 96
109 108 111 191 108 111 191 96 101 95
110 464 111 115 464 111 115 203 204 96
111 110 384 109 110 384 109 203 96 95
112 167 317 113 167 317 113 237 238 173
113 112 114 385 112 114 385 173 238 102
114 113 115 108 113 115 108 173 102 96
115 43 110 114 43 110 114 204 173 96
116 176 117 118 176 117 118 98 99 97
117 177 121 116 177 121 116 210 98 97
118 197 116 119 197 116 119 99 100 97
119 200 118 120 200 118 120 100 101 97
120 108 119 121 108 119 121 101 102 97
121 385 120 117 385 120 117 102 210 97
122 230 124 125 230 124 125 104 117 103
123 78 125 127 78 125 127 105 106 103
124 192 126 122 192 126 122 107 104 103
125 406 122 123 406 122 123 117 105 103
126 391 127 124 391 127 124 108 107 103
127 389 123 126 389 123 126 106 108 103
128 183 132 131 183 132 131 110 111 109
129 309 130 133 309 130 133 169 168 109
130 370 131 129 370 131 129 112 169 109
131 369 128 130 369 128 130 111 112 109
132 399 133 128 399 133 128 113 110 109
133 398 129 132 398 129 132 168 113 109
134 245 136 135 245 136 135 147 146 114
135 408 134 137 408 134 137 146 115 114
136 206 138 134 206 138 134 116 147 114
137 406 135 139 406 135 139 115 117 114
138 205 139 136 205 139 136 118 116 114
139 230 137 138 230 137 138 117 118 114
140 186 144 143 186 144 143 120 121 119
141 236 142 145 236 142 145 123 122 119
142 194 143 141 194 143 141 124 123 119
143 193 140 142 193 140 142 121 124 119
144 410 145 140 410 145 140 125 120 119
145 411 141 144 411 141 144 122 125 119
146 148 147 289 148 147 289 180 127 126
147 324 420 146 324 420 146 176 180 126
148 326 146 446 326 146 446 180 181 127
149 491 54 151 491 54 151 213 212 128
150 493 152 431 493 152 431 212 215 129
151 152 149 83 152 149 83 212 130 128
152 151 434 150 151 434 150 130 212 129
153 154 311 435 154 311 435 193 132 131
154 170 153 432 170 153 432 193 143 132
155 403 158 156 403 158 156 134 135 133
156 66 155 157 66 155 157 135 136 133
157 67 156 160 67 156 160 136 137 133
158 405 159 155 405 159 155 138 134 133
159 438 160 158 438 160 158 139 138 133
160 436 157 159 436 157 159 137 139 133
161 162 164 273 162 164 273 189 141 140
162 335 161 23 335 161 23 189 187 141
163 337 327 164 337 327 164 188 189 181
164 163 446 161 163 446 161 181 189 140
165 474 166 171 474 166 171 236 235 234
166 37 167 165 37 167 165 237 236 234
167 112 25 166 112 25 166 238 237 234
168 300 169 276 300 169 276 192 190 142
169 170 280 168 170 280 168 143 192 142
170 308 154 169 308 154 169 193 192 143
171 473 165 26 473 165 26 235 239 234
172 340 304 306 340 304 306 151 92 36
173 316 311 303 316 311 303 131 91 36
174 476 225 175 476 225 175 209 208 83
175 338 174 285 338 174 285 208 150 83
176 116 207 227 116 207 227 99 98 16
177 478 117 228 478 117 228 210 209 98
178 307 398 54 307 398 54 168 213 55
179 80 180 58 80 180 58 63 40 1
180 81 56 179 81 56 179 2 63 1
181 365 55 232 365 55 232 39 61 2
182 222 183 215 222 183 215 110 15 10
183 128 57 182 128 57 182 111 110 10
184 456 185 383 456 185 383 160 93 46
185 184 457 378 184 457 378 160 46 44
186 140 204 189 140 204 189 121 120 43
187 188 379 451 188 379 451 45 157 44
188 450 190 187 450 190 187 60 157 45
189 190 186 380 190 186 380 120 45 43
190 410 189 188 410 189 188 120 60 45
191 109 59 200 109 59 200 95 101 3
192 124 213 196 124 213 196 104 107 8
193 143 196 201 143 196 201 124 121 8
194 142 61 195 142 61 195 123 124 50
195 196 194 391 196 194 391 124 107 50
196 195 192 193 195 192 193 107 124 8
197 118 198 208 118 198 208 100 99 6
198 197 199 209 197 199 209 100 6 5
199 198 200 63 198 200 63 100 5 3
200 119 191 199 119 191 199 101 100 3
201 193 212 204 193 212 204 8 121 7
202 203 211 63 203 211 63 7 42 5
203 376 204 202 376 204 202 43 42 7
204 186 201 203 186 201 203 121 43 7
205 138 208 210 138 208 210 116 118 6
206 136 74 207 136 74 207 147 116 16
207 208 206 176 208 206 176 116 99 16
208 207 197 205 207 197 205 99 116 6
209 198 211 210 198 211 210 5 6 4
210 205 209 214 205 209 214 6 118 4
211 202 212 209 202 212 209 7 5 4
212 201 213 211 201 213 211 8 7 4
213 192 214 212 192 214 212 104 8 4
214 230 210 213 230 210 213 118 104 4
215 182 216 218 182 216 218 10 15 9
216 10 217 215 10 217 215 11 10 9
217 9 220 216 9 220 216 12 11 9
218 70 215 219 70 215 219 15 13 9
219 68 218 220 68 218 220 13 14 9
220 64 219 217 64 219 217 14 12 9
221 392 222 70 392 222 70 56 52 15
222 399 182 221 399 182 221 110 56 15
223 437 269 396 437 269 396 72 71 54
224 436 397 71 436 397 71 71 137 52
225 228 487 174 228 487 174 84 209 83
226 488 227 74 488 227 74 84 198 16
227 228 176 226 228 176 226 98 84 16
228 177 227 225 177 227 225 98 209 84
229 405 79 256 405 79 256 58 138 20
230 139 214 122 139 214 122 118 117 104
231 235 411 232 235 411 232 122 65 61
232 231 181 81 231 181 81 61 65 2
233 236 234 61 236 234 61 66 123 17
234 419 14 233 419 14 233 64 66 17
235 236 231 418 236 231 418 122 66 65
236 141 235 233 141 235 233 122 123 66
237 238 72 242 238 72 242 22 79 18
238 447 260 237 447 260 237 80 79 22
239 416 243 240 416 243 240 67 64 19
240 239 242 14 239 242 14 19 64 18
241 449 242 244 449 242 244 79 179 19
242 241 237 240 241 237 240 79 19 18
243 424 244 239 424 244 239 178 67 19
244 329 241 243 329 241 243 179 178 19
245 246 134 363 246 134 363 147 228 146
246 350 74 245 350 74 245 198 228 147
247 248 31 373 248 31 373 149 200 148
248 343 485 247 343 485 247 194 200 149
249 250 339 386 250 339 386 151 197 150
250 251 304 249 251 304 249 152 197 151
251 348 489 250 348 489 250 201 197 152
252 316 431 435 316 431 435 216 131 129
253 254 256 75 254 256 75 73 21 20
254 255 253 257 255 253 257 73 77 21
255 254 267 439 254 267 439 77 73 72
256 438 229 253 438 229 253 138 73 20
257 441 254 258 441 254 258 77 76 21
258 259 257 15 259 257 15 76 48 21
259 258 73 260 258 73 260 48 76 22
260 445 259 238 445 259 238 76 80 22
261 17 263 266 17 263 266 32 24 23
262 50 264 263 50 264 263 25 26 23
263 18 262 261 18 262 261 26 32 23
264 51 265 262 51 265 262 53 25 23
265 87 266 264 87 266 264 27 53 23
266 86 261 265 86 261 265 24 27 23
267 443 269 255 443 269 255 78 77 72
268 442 86 270 442 86 270 75 78 27
269 267 270 223 267 270 223 78 72 54
270 269 268 87 269 268 87 78 54 27
271 273 272 24 273 272 24 35 141 28
272 293 275 271 293 275 271 191 35 28
273 161 274 271 161 274 271 140 141 35
274 273 88 292 273 88 292 140 35 34
275 475 276 272 475 276 272 190 191 28
276 168 89 275 168 89 275 142 190 28
277 22 278 279 22 278 279 30 31 29
278 89 280 277 89 280 277 142 30 29
279 17 277 282 17 277 282 31 32 29
280 169 281 278 169 281 278 143 142 29
281 432 282 280 432 282 280 70 143 29
282 18 279 281 18 279 281 32 70 29
283 484 284 315 484 284 315 82 165 37
284 482 93 283 482 93 283 81 82 37
285 386 175 486 386 175 486 150 225 83
286 40 299 96 40 299 96 245 162 87
287 289 288 88 289 288 88 89 127 34
288 512 291 287 512 291 287 86 89 34
289 146 290 287 146 290 287 126 127 89
290 289 82 513 289 82 513 126 89 88
291 288 333 292 288 333 292 86 34 33
292 274 291 293 274 291 293 34 35 33
293 272 292 471 272 292 471 35 191 33
294 429 372 517 429 372 517 163 175 69
295 44 461 505 44 461 505 248 249 219
296 498 298 315 498 298 315 217 243 165
297 497 29 298 497 29 298 216 217 166
298 297 30 296 297 30 296 166 217 165
299 92 4 286 92 4 286 232 245 87
300 90 168 472 90 168 472 192 207 190
301 477 338 302 477 338 302 208 239 167
302 473 301 91 473 301 91 239 207 167
303 305 173 304 305 173 304 91 152 36
304 250 303 172 250 303 172 152 151 36
305 489 28 303 489 28 303 148 152 91
306 308 172 311 308 172 311 92 193 36
307 495 309 178 495 309 178 214 213 168
308 170 90 306 170 90 306 192 193 92
309 310 129 307 310 129 307 169 214 168
310 312 368 309 312 368 309 170 214 169
311 153 306 173 153 306 173 193 131 36
312 494 103 310 494 103 310 241 214 170
313 36 319 318 36 319 318 231 172 171
314 35 315 92 35 315 92 243 245 37
315 296 283 314 296 283 314 165 243 37
316 252 173 29 252 173 29 131 216 91
317 112 318 43 112 318 43 237 173 171
318 37 313 317 37 313 317 172 237 171
319 3 320 313 3 320 313 230 231 171
320 466 43 319 466 43 319 204 230 171
321 330 424 322 330 424 322 178 182 174
322 323 321 429 323 321 429 182 175 174
323 324 322 518 324 322 518 182 176 175
324 325 323 147 325 323 147 182 180 176
325 324 326 330 324 326 330 180 182 177
326 148 327 325 148 327 325 181 180 177
327 163 328 326 163 328 326 188 181 177
328 452 329 327 452 329 327 179 188 177
329 244 330 328 244 330 328 178 179 177
330 321 325 329 321 325 329 182 178 177
331 85 334 332 85 334 332 185 186 183
332 19 331 335 19 331 335 186 187 183
333 36 38 291 36 38 291 172 86 33
334 448 336 331 448 336 331 184 185 183
335 162 332 337 162 332 337 187 189 183
336 452 337 334 452 337 334 188 184 183
337 163 335 336 163 335 336 189 188 183
338 301 175 339 301 175 339 208 167 150
339 340 338 249 340 338 249 167 151 150
340 339 172 91 339 172 91 151 167 92
341 503 481 343 503 481 343 221 222 194
342 42 357 423 42 357 423 257 247 155
343 354 341 248 354 341 248 222 200 194
344 346 0 345 346 0 345 196 255 195
345 99 344 357 99 344 357 255 257 195
346 515 77 344 515 77 344 227 255 196
347 507 348 386 507 348 386 224 225 197
348 356 251 347 356 251 347 201 224 197
349 510 488 350 510 488 350 226 250 198
350 454 349 246 454 349 246 250 228 198
351 373 356 354 373 356 354 201 200 199
352 500 353 355 500 353 355 223 251 199
353 504 354 352 504 354 352 222 223 199
354 343 351 353 343 351 353 200 222 199
355 508 352 356 508 352 356 251 224 199
356 348 355 351 348 355 351 224 201 199
357 345 95 342 345 95 342 195 257 155
358 360 456 104 360 456 104 220 144 93
359 483 362 105 483 362 105 145 205 144
360 502 358 362 502 358 362 220 221 144
361 426 374 366 426 374 366 156 158 153
362 481 360 359 481 360 359 221 145 144
363 514 245 76 514 245 76 228 227 146
364 450 366 412 450 366 412 158 60 38
365 181 413 367 181 413 367 61 39 38
366 361 367 364 361 367 364 153 158 38
367 1 365 366 1 365 366 39 153 38
368 310 427 370 310 427 370 170 169 69
369 131 371 58 131 371 58 112 111 40
370 130 368 372 130 368 372 169 112 69
371 372 60 369 372 60 369 163 112 40
372 371 370 294 371 370 294 112 163 69
373 351 247 489 351 247 489 200 201 148
374 387 2 361 387 2 361 154 156 153
375 11 377 376 11 377 376 47 42 41
376 203 375 380 203 375 380 42 43 41
377 381 378 375 381 378 375 46 47 41
378 185 379 377 185 379 377 44 46 41
379 187 380 378 187 380 378 45 44 41
380 189 376 379 189 376 379 43 45 41
381 382 383 377 382 383 377 94 47 46
382 384 381 59 384 381 59 94 95 47
383 106 184 381 106 184 381 93 94 46
384 111 107 382 111 107 382 203 95 94
385 479 113 121 479 113 121 238 210 102
386 347 249 285 347 249 285 197 225 150
387 423 94 374 423 94 374 155 156 154
388 390 73 389 390 73 389 49 108 48
389 127 388 15 127 388 15 108 106 48
390 391 62 388 391 62 388 50 108 49
391 126 195 390 126 195 390 107 108 50
392 221 397 393 221 397 393 52 56 51
393 401 392 394 401 392 394 56 57 51
394 51 393 395 51 393 395 57 53 51
395 87 394 396 87 394 396 53 54 51
396 223 395 397 223 395 397 54 71 51
397 224 396 392 224 396 392 71 52 51
398 133 400 178 133 400 178 113 168 55
399 132 222 401 132 222 401 110 113 56
400 401 52 398 401 52 398 57 113 55
401 400 399 393 400 399 393 113 57 56
402 403 77 404 403 77 404 196 134 59
403 0 402 155 0 402 155 196 135 134
404 402 409 405 402 409 405 59 134 58
405 158 404 229 158 404 229 134 138 58
406 137 125 407 137 125 407 117 115 105
407 406 79 409 406 79 409 105 115 58
408 135 409 76 135 409 76 115 146 59
409 408 407 404 408 407 404 115 59 58
410 144 190 412 144 190 412 120 125 60
411 145 413 231 145 413 231 125 122 61
412 410 364 413 410 364 413 60 125 38
413 411 412 365 411 412 365 125 61 38
414 421 416 415 421 416 415 67 68 62
415 80 414 417 80 414 417 68 63 62
416 239 419 414 239 419 414 64 67 62
417 81 415 418 81 415 418 63 65 62
418 235 417 419 235 417 419 65 66 62
419 234 418 416 234 418 416 66 64 62
420 147 519 82 147 519 82 176 126 90
421 422 424 414 422 424 414 174 68 67
422 429 421 60 429 421 60 174 163 68
423 425 342 387 425 342 387 247 156 155
424 321 243 421 321 243 421 178 174 67
425 428 423 426 428 423 426 247 159 156
426 453 425 361 453 425 361 159 158 156
427 430 517 368 430 517 368 164 170 69
428 41 425 460 41 425 460 247 248 159
429 322 422 294 322 422 294 174 175 163
430 103 516 427 103 516 427 244 170 164
431 497 150 252 497 150 252 215 216 129
432 154 433 281 154 433 281 132 143 70
433 434 84 432 434 84 432 130 132 70
434 433 435 152 433 435 152 132 130 129
435 153 252 434 153 252 434 131 132 129
436 160 437 224 160 437 224 139 137 71
437 439 223 436 439 223 436 72 139 71
438 159 256 439 159 256 439 138 139 73
439 438 255 437 438 255 437 73 139 72
440 85 442 444 85 442 444 75 185 74
441 257 445 443 257 445 443 76 77 74
442 268 443 440 268 443 440 78 75 74
443 267 441 442 267 441 442 77 78 74
444 448 440 445 448 440 445 185 80 74
445 260 444 441 260 444 441 80 76 74
446 164 148 88 164 148 88 181 140 127
447 448 238 449 448 238 449 80 184 79
448 334 444 447 334 444 447 185 184 80
449 452 447 241 452 447 241 184 179 79
450 453 364 188 453 364 188 158 157 60
451 455 187 457 455 187 457 157 161 44
452 336 449 328 336 449 328 184 188 179
453 426 450 455 426 450 455 158 159 157
454 46 350 514 46 350 514 250 254 228
455 460 453 451 460 453 451 159 161 157
456 458 184 358 458 184 358 160 220 93
457 459 451 185 459 451 185 161 160 44
458 501 459 456 501 459 456 219 220 160
459 461 457 458 461 457 458 161 219 160
460 461 428 455 461 428 455 248 161 159
461 295 460 459 295 460 459 248 219 161
462 36 512 5 36 512 5 86 231 85
463 464 465 107 464 465 107 206 203 202
464 466 463 110 466 463 110 206 204 203
465 469 105 463 469 105 463 205 206 202
466 470 464 320 470 464 320 206 230 204
467 8 93 468 8 93 468 232 233 81
468 469 467 483 469 467 483 233 205 81
469 470 468 465 470 468 465 233 206 205
470 7 469 466 7 469 466 233 230 206
471 474 293 38 474 293 38 191 236 33
472 473 300 475 473 300 475 207 235 190
473 171 302 472 171 302 472 239 235 207
474 165 475 471 165 475 471 235 236 191
475 474 472 275 474 472 275 235 191 190
476 478 174 477 478 174 477 209 240 208
477 26 476 301 26 476 301 240 239 208
478 479 177 476 479 177 476 210 240 209
479 25 385 478 25 385 478 238 240 210
480 481 482 485 481 482 485 145 194 82
481 341 362 480 341 362 480 221 194 145
482 480 483 284 480 483 284 145 82 81
483 359 468 482 359 468 482 205 145 81
484 30 485 283 30 485 283 149 165 82
485 248 480 484 248 480 484 194 149 82
486 509 285 487 509 285 487 225 226 83
487 488 486 225 488 486 225 226 84 83
488 349 487 226 349 487 226 226 198 84
489 251 373 305 251 373 305 201 152 148
490 32 494 492 32 494 492 241 242 211
491 149 493 495 149 493 495 212 213 211
492 496 490 493 496 490 493 242 215 211
493 150 492 491 150 492 491 215 212 211
494 312 495 490 312 495 490 214 241 211
495 307 491 494 307 491 494 213 214 211
496 498 492 497 498 492 497 242 217 215
497 297 496 431 297 496 431 217 216 215
498 33 496 296 33 496 296 242 243 217
499 45 506 500 45 506 500 249 258 223
500 49 499 352 49 499 352 258 251 223
501 458 502 505 458 502 505 220 219 218
502 360 503 501 360 503 501 221 220 218
503 341 504 502 341 504 502 222 221 218
504 353 506 503 353 506 503 223 222 218
505 295 501 506 295 501 506 219 249 218
506 499 505 504 499 505 504 249 223 218
507 509 508 347 509 508 347 252 225 224
508 47 355 507 47 355 507 251 252 224
509 510 507 486 510 507 486 252 226 225
510 48 509 349 48 509 349 252 250 226
511 96 6 513 96 6 513 87 88 85
512 288 513 462 288 513 462 89 86 85
513 290 511 512 290 511 512 88 89 85
514 454 363 515 454 363 515 228 254 227
515 97 514 346 97 514 346 254 255 227
516 430 16 519 430 16 519 244 164 90
517 518 294 427 518 294 427 175 164 69
518 323 517 519 323 517 519 175 176 164
519 518 516 420 518 516 420 164 176 90
