1223 3497 0 20
1223 1227 0 20
1227 3219 0 20
1015 3219 0 20
1014 1015 0 20
1014 2276 0 20
2273 2276 0 20
2272 2273 0 20
2272 5350 0 20
1675 5350 0 20
1675 1676 0 20
1676 4349 0 20
4349 4351 0 20
4348 4351 0 20
4348 5254 0 20
5252 5254 0 20
5251 5252 0 20
4328 5251 0 20
4326 4328 0 20
4325 4326 0 20
557 4325 0 20
557 3308 0 20
3308 3309 0 20
3307 3309 0 20
112 3307 0 20
112 1753 0 20
1753 1754 0 20
1754 1756 0 20
1756 1757 0 20
1757 3983 0 20
3983 3984 0 20
3984 5031 0 20
5028 5031 0 20
869 5028 0 20
865 869 0 20
865 868 0 20
868 4115 0 20
4115 4116 0 20
4116 4120 0 20
4120 5113 0 20
5113 5116 0 20
5116 5117 0 20
